{
 "cells": [
  {
   "cell_type": "code",
   "execution_count": 1,
   "metadata": {},
   "outputs": [],
   "source": [
    "import mytools\n",
    "import pandas as pd"
   ]
  },
  {
   "cell_type": "code",
   "execution_count": 2,
   "metadata": {},
   "outputs": [],
   "source": [
    "数据表 = mytools.读取SPSS数据文件(R'data\\国家认同数据清理后.sav')"
   ]
  },
  {
   "cell_type": "code",
   "execution_count": 8,
   "metadata": {},
   "outputs": [
    {
     "data": {
      "text/html": [
       "<div>\n",
       "<style scoped>\n",
       "    .dataframe tbody tr th:only-of-type {\n",
       "        vertical-align: middle;\n",
       "    }\n",
       "\n",
       "    .dataframe tbody tr th {\n",
       "        vertical-align: top;\n",
       "    }\n",
       "\n",
       "    .dataframe thead th {\n",
       "        text-align: right;\n",
       "    }\n",
       "</style>\n",
       "<table border=\"1\" class=\"dataframe\">\n",
       "  <thead>\n",
       "    <tr style=\"text-align: right;\">\n",
       "      <th></th>\n",
       "      <th>政治面貌</th>\n",
       "      <th>团员</th>\n",
       "      <th>党员</th>\n",
       "      <th>群众</th>\n",
       "      <th>其他</th>\n",
       "      <th>All</th>\n",
       "    </tr>\n",
       "    <tr>\n",
       "      <th>年级</th>\n",
       "      <th>国歌升起</th>\n",
       "      <th></th>\n",
       "      <th></th>\n",
       "      <th></th>\n",
       "      <th></th>\n",
       "      <th></th>\n",
       "    </tr>\n",
       "  </thead>\n",
       "  <tbody>\n",
       "    <tr>\n",
       "      <th rowspan=\"4\" valign=\"top\">预科</th>\n",
       "      <th>没感觉</th>\n",
       "      <td>0.001284</td>\n",
       "      <td>0.000000</td>\n",
       "      <td>0.000000</td>\n",
       "      <td>0.000000</td>\n",
       "      <td>0.001284</td>\n",
       "    </tr>\n",
       "    <tr>\n",
       "      <th>一般</th>\n",
       "      <td>0.007702</td>\n",
       "      <td>0.000000</td>\n",
       "      <td>0.000000</td>\n",
       "      <td>0.000000</td>\n",
       "      <td>0.007702</td>\n",
       "    </tr>\n",
       "    <tr>\n",
       "      <th>比较激动</th>\n",
       "      <td>0.003851</td>\n",
       "      <td>0.000000</td>\n",
       "      <td>0.001284</td>\n",
       "      <td>0.000000</td>\n",
       "      <td>0.005135</td>\n",
       "    </tr>\n",
       "    <tr>\n",
       "      <th>感到非常激动</th>\n",
       "      <td>0.002567</td>\n",
       "      <td>0.000000</td>\n",
       "      <td>0.000000</td>\n",
       "      <td>0.000000</td>\n",
       "      <td>0.002567</td>\n",
       "    </tr>\n",
       "    <tr>\n",
       "      <th rowspan=\"4\" valign=\"top\">大一</th>\n",
       "      <th>没感觉</th>\n",
       "      <td>0.016688</td>\n",
       "      <td>0.001284</td>\n",
       "      <td>0.002567</td>\n",
       "      <td>0.000000</td>\n",
       "      <td>0.020539</td>\n",
       "    </tr>\n",
       "    <tr>\n",
       "      <th>一般</th>\n",
       "      <td>0.060334</td>\n",
       "      <td>0.001284</td>\n",
       "      <td>0.007702</td>\n",
       "      <td>0.001284</td>\n",
       "      <td>0.070603</td>\n",
       "    </tr>\n",
       "    <tr>\n",
       "      <th>比较激动</th>\n",
       "      <td>0.114249</td>\n",
       "      <td>0.008986</td>\n",
       "      <td>0.010270</td>\n",
       "      <td>0.000000</td>\n",
       "      <td>0.133504</td>\n",
       "    </tr>\n",
       "    <tr>\n",
       "      <th>感到非常激动</th>\n",
       "      <td>0.100128</td>\n",
       "      <td>0.003851</td>\n",
       "      <td>0.012837</td>\n",
       "      <td>0.002567</td>\n",
       "      <td>0.119384</td>\n",
       "    </tr>\n",
       "    <tr>\n",
       "      <th rowspan=\"4\" valign=\"top\">大二</th>\n",
       "      <th>没感觉</th>\n",
       "      <td>0.014121</td>\n",
       "      <td>0.001284</td>\n",
       "      <td>0.002567</td>\n",
       "      <td>0.000000</td>\n",
       "      <td>0.017972</td>\n",
       "    </tr>\n",
       "    <tr>\n",
       "      <th>一般</th>\n",
       "      <td>0.074454</td>\n",
       "      <td>0.010270</td>\n",
       "      <td>0.010270</td>\n",
       "      <td>0.001284</td>\n",
       "      <td>0.096277</td>\n",
       "    </tr>\n",
       "    <tr>\n",
       "      <th>比较激动</th>\n",
       "      <td>0.098845</td>\n",
       "      <td>0.012837</td>\n",
       "      <td>0.008986</td>\n",
       "      <td>0.002567</td>\n",
       "      <td>0.123235</td>\n",
       "    </tr>\n",
       "    <tr>\n",
       "      <th>感到非常激动</th>\n",
       "      <td>0.057766</td>\n",
       "      <td>0.010270</td>\n",
       "      <td>0.011553</td>\n",
       "      <td>0.002567</td>\n",
       "      <td>0.082157</td>\n",
       "    </tr>\n",
       "    <tr>\n",
       "      <th rowspan=\"4\" valign=\"top\">大三</th>\n",
       "      <th>没感觉</th>\n",
       "      <td>0.015404</td>\n",
       "      <td>0.002567</td>\n",
       "      <td>0.000000</td>\n",
       "      <td>0.000000</td>\n",
       "      <td>0.017972</td>\n",
       "    </tr>\n",
       "    <tr>\n",
       "      <th>一般</th>\n",
       "      <td>0.020539</td>\n",
       "      <td>0.017972</td>\n",
       "      <td>0.008986</td>\n",
       "      <td>0.002567</td>\n",
       "      <td>0.050064</td>\n",
       "    </tr>\n",
       "    <tr>\n",
       "      <th>比较激动</th>\n",
       "      <td>0.046213</td>\n",
       "      <td>0.021823</td>\n",
       "      <td>0.015404</td>\n",
       "      <td>0.003851</td>\n",
       "      <td>0.087291</td>\n",
       "    </tr>\n",
       "    <tr>\n",
       "      <th>感到非常激动</th>\n",
       "      <td>0.029525</td>\n",
       "      <td>0.014121</td>\n",
       "      <td>0.003851</td>\n",
       "      <td>0.003851</td>\n",
       "      <td>0.051348</td>\n",
       "    </tr>\n",
       "    <tr>\n",
       "      <th rowspan=\"4\" valign=\"top\">大四</th>\n",
       "      <th>没感觉</th>\n",
       "      <td>0.001284</td>\n",
       "      <td>0.000000</td>\n",
       "      <td>0.001284</td>\n",
       "      <td>0.000000</td>\n",
       "      <td>0.002567</td>\n",
       "    </tr>\n",
       "    <tr>\n",
       "      <th>一般</th>\n",
       "      <td>0.017972</td>\n",
       "      <td>0.002567</td>\n",
       "      <td>0.006418</td>\n",
       "      <td>0.000000</td>\n",
       "      <td>0.026958</td>\n",
       "    </tr>\n",
       "    <tr>\n",
       "      <th>比较激动</th>\n",
       "      <td>0.038511</td>\n",
       "      <td>0.017972</td>\n",
       "      <td>0.002567</td>\n",
       "      <td>0.000000</td>\n",
       "      <td>0.059050</td>\n",
       "    </tr>\n",
       "    <tr>\n",
       "      <th>感到非常激动</th>\n",
       "      <td>0.015404</td>\n",
       "      <td>0.005135</td>\n",
       "      <td>0.003851</td>\n",
       "      <td>0.000000</td>\n",
       "      <td>0.024390</td>\n",
       "    </tr>\n",
       "    <tr>\n",
       "      <th>All</th>\n",
       "      <th></th>\n",
       "      <td>0.736842</td>\n",
       "      <td>0.132221</td>\n",
       "      <td>0.110398</td>\n",
       "      <td>0.020539</td>\n",
       "      <td>1.000000</td>\n",
       "    </tr>\n",
       "  </tbody>\n",
       "</table>\n",
       "</div>"
      ],
      "text/plain": [
       "政治面貌              团员        党员        群众        其他       All\n",
       "年级  国歌升起                                                    \n",
       "预科  没感觉     0.001284  0.000000  0.000000  0.000000  0.001284\n",
       "    一般      0.007702  0.000000  0.000000  0.000000  0.007702\n",
       "    比较激动    0.003851  0.000000  0.001284  0.000000  0.005135\n",
       "    感到非常激动  0.002567  0.000000  0.000000  0.000000  0.002567\n",
       "大一  没感觉     0.016688  0.001284  0.002567  0.000000  0.020539\n",
       "    一般      0.060334  0.001284  0.007702  0.001284  0.070603\n",
       "    比较激动    0.114249  0.008986  0.010270  0.000000  0.133504\n",
       "    感到非常激动  0.100128  0.003851  0.012837  0.002567  0.119384\n",
       "大二  没感觉     0.014121  0.001284  0.002567  0.000000  0.017972\n",
       "    一般      0.074454  0.010270  0.010270  0.001284  0.096277\n",
       "    比较激动    0.098845  0.012837  0.008986  0.002567  0.123235\n",
       "    感到非常激动  0.057766  0.010270  0.011553  0.002567  0.082157\n",
       "大三  没感觉     0.015404  0.002567  0.000000  0.000000  0.017972\n",
       "    一般      0.020539  0.017972  0.008986  0.002567  0.050064\n",
       "    比较激动    0.046213  0.021823  0.015404  0.003851  0.087291\n",
       "    感到非常激动  0.029525  0.014121  0.003851  0.003851  0.051348\n",
       "大四  没感觉     0.001284  0.000000  0.001284  0.000000  0.002567\n",
       "    一般      0.017972  0.002567  0.006418  0.000000  0.026958\n",
       "    比较激动    0.038511  0.017972  0.002567  0.000000  0.059050\n",
       "    感到非常激动  0.015404  0.005135  0.003851  0.000000  0.024390\n",
       "All         0.736842  0.132221  0.110398  0.020539  1.000000"
      ]
     },
     "execution_count": 8,
     "metadata": {},
     "output_type": "execute_result"
    }
   ],
   "source": [
    "# 创建年级、政治面貌和国歌升起的交互表\n",
    "cross_tab = pd.crosstab(index=[数据表['年级'], 数据表['国歌升起']], \n",
    "                        columns=数据表['政治面貌'], \n",
    "                        margins=True, normalize=True)  # All 行和列的总和\n",
    "\n",
    "cross_tab"
   ]
  },
  {
   "cell_type": "code",
   "execution_count": 24,
   "metadata": {},
   "outputs": [
    {
     "name": "stdout",
     "output_type": "stream",
     "text": [
      "8.046516838544449 0.4289394583247918\n"
     ]
    },
    {
     "data": {
      "text/html": [
       "<div>\n",
       "<style scoped>\n",
       "    .dataframe tbody tr th:only-of-type {\n",
       "        vertical-align: middle;\n",
       "    }\n",
       "\n",
       "    .dataframe tbody tr th {\n",
       "        vertical-align: top;\n",
       "    }\n",
       "\n",
       "    .dataframe thead th {\n",
       "        text-align: right;\n",
       "    }\n",
       "</style>\n",
       "<table border=\"1\" class=\"dataframe\">\n",
       "  <thead>\n",
       "    <tr style=\"text-align: right;\">\n",
       "      <th>政治面貌</th>\n",
       "      <th>团员</th>\n",
       "      <th>党员</th>\n",
       "      <th>群众</th>\n",
       "    </tr>\n",
       "    <tr>\n",
       "      <th>会隐瞒身份吗</th>\n",
       "      <th></th>\n",
       "      <th></th>\n",
       "      <th></th>\n",
       "    </tr>\n",
       "  </thead>\n",
       "  <tbody>\n",
       "    <tr>\n",
       "      <th>绝对不会</th>\n",
       "      <td>40</td>\n",
       "      <td>14</td>\n",
       "      <td>7</td>\n",
       "    </tr>\n",
       "    <tr>\n",
       "      <th>很可能不会</th>\n",
       "      <td>7</td>\n",
       "      <td>3</td>\n",
       "      <td>0</td>\n",
       "    </tr>\n",
       "    <tr>\n",
       "      <th>也许会也许不会</th>\n",
       "      <td>3</td>\n",
       "      <td>1</td>\n",
       "      <td>3</td>\n",
       "    </tr>\n",
       "    <tr>\n",
       "      <th>可能会</th>\n",
       "      <td>6</td>\n",
       "      <td>2</td>\n",
       "      <td>1</td>\n",
       "    </tr>\n",
       "    <tr>\n",
       "      <th>一定会</th>\n",
       "      <td>1</td>\n",
       "      <td>0</td>\n",
       "      <td>0</td>\n",
       "    </tr>\n",
       "  </tbody>\n",
       "</table>\n",
       "</div>"
      ],
      "text/plain": [
       "政治面貌     团员  党员  群众\n",
       "会隐瞒身份吗             \n",
       "绝对不会     40  14   7\n",
       "很可能不会     7   3   0\n",
       "也许会也许不会   3   1   3\n",
       "可能会       6   2   1\n",
       "一定会       1   0   0"
      ]
     },
     "execution_count": 24,
     "metadata": {},
     "output_type": "execute_result"
    }
   ],
   "source": [
    "from scipy import stats\n",
    "specific_grade = \"大四\"\n",
    "\n",
    "# 筛选出特定年级的数据\n",
    "df_specific_grade = 数据表[数据表['年级'] == specific_grade]\n",
    "\n",
    "# 创建政治面貌和会隐瞒身份吗的交互表\n",
    "cross_tab_specific_grade = pd.crosstab(df_specific_grade['会隐瞒身份吗'], df_specific_grade['政治面貌'])\n",
    "\n",
    "# 进行卡方检验\n",
    "chi2_grade, p_grade, dof_grade, expected_grade = stats.chi2_contingency(cross_tab_specific_grade)\n",
    "\n",
    "print(chi2_grade,p_grade)\n",
    "cross_tab_specific_grade"
   ]
  },
  {
   "cell_type": "code",
   "execution_count": 23,
   "metadata": {},
   "outputs": [
    {
     "name": "stdout",
     "output_type": "stream",
     "text": [
      "tau_y系数: 0.0160 极弱相关或无相关\n",
      "----  --  -  -  -  -\n",
      "团员  40  7  3  6  1\n",
      "党员  14  3  1  2  0\n",
      "群众   7  0  3  1  0\n",
      "----  --  -  -  -  -\n",
      "卡方值： 8.05, p值： 0.4289,自由度:8。\n",
      "接受虚无假设\n"
     ]
    }
   ],
   "source": [
    "mytools.两个无序类别变量的统计分析(df_specific_grade,'政治面貌','会隐瞒身份吗')"
   ]
  },
  {
   "cell_type": "markdown",
   "metadata": {},
   "source": [
    "p值大于0.05，说明不同的政治面貌对大四学生会隐瞒身份没有影响"
   ]
  }
 ],
 "metadata": {
  "kernelspec": {
   "display_name": "Python 3",
   "language": "python",
   "name": "python3"
  },
  "language_info": {
   "codemirror_mode": {
    "name": "ipython",
    "version": 3
   },
   "file_extension": ".py",
   "mimetype": "text/x-python",
   "name": "python",
   "nbconvert_exporter": "python",
   "pygments_lexer": "ipython3",
   "version": "3.8.10"
  }
 },
 "nbformat": 4,
 "nbformat_minor": 2
}
